Frames used for calibration: 30 	 RMS = 0.131993
F = 752.253 +- 5.53336
Cx = 626.696 +- 1.08301 	Cy = 364.502 +- 1.0098
K1 = 0.0884906 +- 0.00616
K2 = -0.225692 +- 0.0133219
K3 = 0.0988774 +- 0.00953459
TD1 = 0 +- 0
TD2 = 0 +- 0

