Chessboard

Frames used for calibration: 30 	 RMS = 0.162999
F = 735.9 +- 3.0471
Cx = 615.063 +- 1.15889 	Cy = 364.594 +- 0.785593
K1 = 0.0789046 +- 0.0043109
K2 = -0.196567 +- 0.00979679
K3 = 0.0832988 +- 0.00757774
TD1 = 0 +- 0
TD2 = 0 +- 0




Circle

Frames used for calibration: 30 	 RMS = 0.145666
F = 760.906 +- 8.07563
Cx = 626.164 +- 2.04319 	Cy = 368.235 +- 2.77609
K1 = 0.0915489 +- 0.00530977
K2 = -0.23991 +- 0.0123929
K3 = 0.111233 +- 0.0086232
TD1 = 0 +- 0
TD2 = 0 +- 0

